_okDegree 0.000000 0.000000
40.0352923
40.0352923
40.0352923
40.0352923
40.0352923
40.0352923
40.0352923
40.0352923
40.0352923
40.0352923
40.0352923
40.0352923
40.0352923
40.0352923
40.0352923
40.0352923
40.0352923
40.0352923
40.0352923
40.0352923
40.0352923
40.0352923
40.0352923
40.0352923
40.0352923
40.0352923
40.0352923
40.0352923
40.0352923
40.0352923
40.0352923
40.0352923
40.0352923
40.0352923
40.0352923
40.0352923
40.0352923
40.0352923
40.0352923
40.0352923
40.0352923
40.0352923
40.0352923
40.0353822
40.0354721
40.0355621
40.0356520
40.0357419
40.0358319
40.0359218
40.0360117
40.0361017
40.0361916
40.0362815
40.0363715
40.0364614
40.0365513
40.0366413
40.0367312
40.0368211
40.0369110
40.0370010
40.0370909
40.0371808
40.0372708
40.0373607
40.0374506
40.0375406
40.0376305
40.0377204
40.0378104
40.0379003
40.0379902
40.0380802
40.0381701
40.0382600
40.0383500
40.0384399
40.0385298
40.0386198
40.0387097
40.0387996
40.0388896
40.0389325
40.0389325
40.0389325
40.0389325
40.0389325
40.0389325
40.0389326
40.0389326
40.0389326
40.0389326
40.0389326
40.0389326
40.0389326
40.0389326
40.0389326
40.0389326
40.0389326
40.0389326
40.0389326
40.0389326
40.0389326
40.0389326
40.0389326
40.0389326
40.0389326
40.0389326
40.0389326
40.0389326
40.0389326
40.0389326
40.0389326
40.0389326
40.0389326
40.0389326
40.0389326
40.0389325
40.0389325
40.0389325
40.0389325
40.0389325
40.0389325
40.0389325
40.0389325
40.0389325
40.0389098
40.0388871
40.0388644
40.0388416
40.0388189
40.0387962
40.0387735
40.0387507
40.0387280
40.0387053
40.0386826
40.0386598
40.0386371
40.0386144
40.0385916
40.0385689
40.0385462
40.0385235
40.0385007
40.0384780
40.0384553
40.0384326
40.0384098
40.0383871
40.0383644
40.0383416
40.0383189
40.0382962
40.0382735
40.0382507
40.0382280
40.0382053
40.0381825
40.0381598
40.0381371
40.0381144
40.0380916
40.0380689
40.0380462
40.0380234
40.0380007
40.0379780
40.0379553
40.0379325
40.0379098
40.0378871
40.0378643
40.0378416
40.0378189
40.0377961
40.0377734
40.0377507
40.0377280
40.0377052
40.0376825
40.0376598
40.0376370
40.0376143
40.0375916
40.0375688
40.0375461
40.0375234
40.0375006
40.0374779
40.0374552
40.0374324
40.0374097
40.0373870
40.0373642
40.0373415
40.0373188
40.0372960
40.0372733
40.0372506
40.0372278
40.0372051
40.0371824
40.0371596
40.0371369
40.0371142
40.0371124
40.0371124
40.0370919
40.0370714
40.0370508
40.0370303
40.0370097
40.0369892
40.0369687
40.0369481
40.0369276
40.0369070
40.0368865
40.0368660
40.0368454
40.0368249
40.0368043
40.0367838
40.0367633
40.0367427
40.0367222
40.0367016
40.0366811
40.0366606
40.0366400
40.0366195
40.0365989
40.0365784
40.0365579
40.0365373
40.0365168
40.0364962
40.0364757
40.0364551
40.0364346
40.0364141
40.0363935
40.0363730
40.0363524
40.0363319
40.0363113
40.0362908
40.0362703
40.0362497
40.0362292
40.0362086
40.0361881
40.0361675
40.0361470
40.0361264
40.0361059
40.0360854
40.0360648
40.0360443
40.0360237
40.0360032
40.0359826
40.0359621
40.0359415
40.0359210
40.0359005
40.0358799
40.0358594
40.0358388
40.0358183
40.0357977
40.0357772
40.0357566
40.0357361
40.0357155
40.0356950
40.0356745
40.0356539
40.0356334
40.0356128
40.0355923
40.0355717
40.0355512
40.0355306
40.0355101
40.0354895
40.0354721
40.0354721
40.0354721
40.0354721
40.0354721
40.0354721
40.0354721
40.0354721
40.0354721
40.0354721
40.0354721
40.0354721
40.0354721
40.0354722
40.0354722
40.0354722
40.0354722
40.0354722
40.0354722
40.0354722
40.0354722
40.0354722
40.0354722
40.0354722
40.0354722
40.0354722
40.0354722
40.0354722
40.0354722
40.0354722
40.0354722
40.0354722
40.0354721
40.0354721
40.0354721
40.0354721
40.0354721
40.0354721
40.0354721
40.0354721
40.0354721
40.0354721
40.0355621
40.0356520
40.0357419
40.0358319
40.0359218
40.0360117
40.0361017
40.0361916
40.0362815
40.0363715
40.0364614
40.0365513
40.0366413
40.0367312
40.0368211
40.0369111
40.0370010
40.0370909
40.0371808
40.0372708
40.0373607
40.0374506
40.0375406
40.0376305
40.0377204
40.0378104
40.0379003
40.0379902
40.0380802
40.0381701
40.0382600
40.0383500
40.0384399
40.0385298
40.0386198
40.0387097
40.0387527
40.0387527
40.0387527
40.0387527
40.0387527
40.0387527
40.0387527
40.0387527
40.0387527
40.0387527
40.0387527
40.0387527
40.0387527
40.0387527
40.0387527
40.0387527
40.0387527
40.0387527
40.0387527
40.0387527
40.0387527
40.0387527
40.0387527
40.0387527
40.0387527
40.0387527
40.0387527
40.0387527
40.0387527
40.0387527
40.0387527
40.0387527
40.0387527
40.0387527
40.0387527
40.0387527
40.0387527
40.0387527
40.0387527
40.0387527
40.0387527
40.0387527
40.0387299
40.0387072
40.0386845
40.0386618
40.0386390
40.0386163
40.0385936
40.0385709
40.0385481
40.0385254
40.0385027
40.0384800
40.0384572
40.0384345
40.0384118
40.0383891
40.0383663
40.0383436
40.0383209
40.0382981
40.0382754
40.0382527
40.0382300
40.0382072
40.0381845
40.0381618
40.0381391
40.0381163
40.0380936
40.0380709
40.0380481
40.0380254
40.0380027
40.0379800
40.0379572
40.0379345
40.0379118
40.0378890
40.0378663
40.0378436
40.0378209
40.0377981
40.0377754
40.0377527
40.0377299
40.0377072
40.0376845
40.0376617
40.0376390
40.0376163
40.0375936
40.0375708
40.0375481
40.0375254
40.0375026
40.0374799
40.0374572
40.0374344
40.0374117
40.0373890
40.0373662
40.0373435
40.0373208
40.0372980
40.0372753
40.0372526
40.0372298
40.0372071
40.0371844
40.0371616
40.0371389
40.0371162
40.0371125
40.0371125
40.0370922
40.0370719
40.0370516
40.0370313
40.0370110
40.0369907
40.0369704
40.0369501
40.0369298
40.0369095
40.0368892
40.0368689
40.0368486
40.0368283
40.0368080
40.0367877
40.0367674
40.0367471
40.0367268
40.0367065
40.0366862
40.0366659
40.0366456
40.0366253
40.0366050
40.0365847
40.0365644
40.0365441
40.0365238
40.0365035
40.0364832
40.0364629
40.0364426
40.0364223
40.0364020
40.0363817
40.0363614
40.0363411
40.0363207
40.0363004
40.0362801
40.0362598
40.0362395
40.0362192
40.0361989
40.0361786
40.0361583
40.0361380
40.0361177
40.0360974
40.0360771
40.0360568
40.0360365
40.0360162
40.0359959
40.0359756
40.0359553
40.0359350
40.0359147
40.0358944
40.0358741
40.0358538
40.0358335
40.0358131
40.0357928
40.0357725
40.0357522
40.0357319
40.0357116
40.0356913
40.0356710
40.0356520
40.0356520
40.0356520
40.0356520
40.0356520
40.0356520
40.0356520
40.0356520
40.0356520
40.0356520
40.0356520
40.0356520
40.0356520
40.0356520
40.0356520
40.0356520
40.0356520
40.0356520
40.0356520
40.0356520
40.0356520
40.0356520
40.0356520
40.0356520
40.0356520
40.0356520
40.0356520
40.0356520
40.0356520
40.0356520
40.0356520
40.0356520
40.0356520
40.0356520
40.0356520
40.0356520
40.0356520
40.0356520
40.0356520
40.0357419
40.0358319
40.0359218
40.0360117
40.0361017
40.0361916
40.0362815
40.0363715
40.0364614
40.0365513
40.0366413
40.0367312
40.0368211
40.0369111
40.0370010
40.0370909
40.0371809
40.0372708
40.0373607
40.0374506
40.0375406
40.0376305
40.0377204
40.0378104
40.0379003
40.0379902
40.0380802
40.0381701
40.0382600
40.0383500
40.0384399
40.0385298
40.0385728
40.0385728
40.0385728
40.0385728
40.0385728
40.0385728
40.0385728
40.0385728
40.0385728
40.0385728
40.0385728
40.0385728
40.0385728
40.0385728
40.0385728
40.0385728
40.0385728
40.0385728
40.0385728
40.0385728
40.0385728
40.0385728
40.0385728
40.0385728
40.0385728
40.0385728
40.0385728
40.0385728
40.0385728
40.0385728
40.0385728
40.0385728
40.0385728
40.0385728
40.0385728
40.0385728
40.0385728
40.0385728
40.0385728
40.0385501
40.0385274
40.0385046
40.0384819
40.0384592
40.0384365
40.0384137
40.0383910
40.0383683
40.0383456
40.0383228
40.0383001
40.0382774
40.0382546
40.0382319
40.0382092
40.0381865
40.0381637
40.0381410
40.0381183
40.0380956
40.0380728
40.0380501
40.0380274
40.0380046
40.0379819
40.0379592
40.0379365
40.0379137
40.0378910
40.0378683
40.0378456
40.0378228
40.0378001
40.0377774
40.0377546
40.0377319
40.0377092
40.0376864
40.0376637
40.0376410
40.0376183
40.0375955
40.0375728
40.0375501
40.0375273
40.0375046
40.0374819
40.0374591
40.0374364
40.0374137
40.0373910
40.0373682
40.0373455
40.0373228
40.0373000
40.0372773
40.0372546
40.0372318
40.0372091
40.0371864
40.0371636
40.0371409
40.0371182
40.0371125
40.0371125
40.0370925
40.0370725
40.0370525
40.0370325
40.0370125
40.0369925
40.0369725
40.0369525
40.0369325
40.0369125
40.0368925
40.0368725
40.0368525
40.0368325
40.0368125
40.0367925
40.0367725
40.0367525
40.0367325
40.0367125
40.0366925
40.0366725
40.0366525
40.0366325
40.0366125
40.0365925
40.0365725
40.0365525
40.0365325
40.0365125
40.0364925
40.0364725
40.0364525
40.0364325
40.0364125
40.0363925
40.0363725
40.0363525
40.0363325
40.0363125
40.0362925
40.0362725
40.0362525
40.0362325
40.0362125
40.0361925
40.0361725
40.0361525
40.0361325
40.0361124
40.0360924
40.0360724
40.0360524
40.0360324
40.0360124
40.0359924
40.0359724
40.0359524
40.0359324
40.0359124
40.0358924
40.0358724
40.0358524
40.0358324
40.0358319
40.0358319
40.0358319
40.0358319
40.0358319
40.0358319
40.0358319
40.0358319
40.0358319
40.0358319
40.0358319
40.0358319
40.0358319
40.0358319
40.0358319
40.0358319
40.0358319
40.0358319
40.0358319
40.0358319
40.0358319
40.0358319
40.0358319
40.0358319
40.0358319
40.0358319
40.0358319
40.0358319
40.0358319
40.0358319
40.0358319
40.0358319
40.0358319
40.0358319
40.0358319
40.0358319
40.0358319
40.0359218
40.0360117
40.0361017
40.0361916
40.0362815
40.0363715
40.0364614
40.0365513
40.0366413
40.0367312
40.0368211
40.0369111
40.0370010
40.0370909
40.0371809
40.0372708
40.0373607
40.0374507
40.0375406
40.0376305
40.0377204
40.0378104
40.0379003
40.0379902
40.0380802
40.0381701
40.0382600
40.0383500
40.0383930
40.0383930
40.0383930
40.0383930
40.0383930
40.0383930
40.0383930
40.0383930
40.0383930
40.0383930
40.0383930
40.0383930
40.0383930
40.0383930
40.0383930
40.0383930
40.0383930
40.0383930
40.0383930
40.0383930
40.0383930
40.0383930
40.0383930
40.0383930
40.0383930
40.0383930
40.0383930
40.0383930
40.0383930
40.0383930
40.0383930
40.0383930
40.0383930
40.0383929
40.0383929
40.0383929
40.0383929
40.0383702
40.0383475
40.0383248
40.0383020
40.0382793
40.0382566
40.0382339
40.0382111
40.0381884
40.0381657
40.0381430
40.0381202
40.0380975
40.0380748
40.0380521
40.0380293
40.0380066
40.0379839
40.0379612
40.0379384
40.0379157
40.0378930
40.0378702
40.0378475
40.0378248
40.0378021
40.0377793
40.0377566
40.0377339
40.0377111
40.0376884
40.0376657
40.0376430
40.0376202
40.0375975
40.0375748
40.0375520
40.0375293
40.0375066
40.0374839
40.0374611
40.0374384
40.0374157
40.0373929
40.0373702
40.0373475
40.0373247
40.0373020
40.0372793
40.0372566
40.0372338
40.0372111
40.0371884
40.0371656
40.0371429
40.0371202
40.0371125
40.0371125
40.0370929
40.0370733
40.0370537
40.0370341
40.0370144
40.0369948
40.0369752
40.0369556
40.0369360
40.0369164
40.0368968
40.0368772
40.0368575
40.0368379
40.0368183
40.0367987
40.0367791
40.0367595
40.0367399
40.0367202
40.0367006
40.0366810
40.0366614
40.0366418
40.0366222
40.0366025
40.0365829
40.0365633
40.0365437
40.0365241
40.0365045
40.0364849
40.0364652
40.0364456
40.0364260
40.0364064
40.0363868
40.0363672
40.0363475
40.0363279
40.0363083
40.0362887
40.0362691
40.0362494
40.0362298
40.0362102
40.0361906
40.0361710
40.0361514
40.0361317
40.0361121
40.0360925
40.0360729
40.0360533
40.0360336
40.0360140
40.0360117
40.0360117
40.0360117
40.0360117
40.0360117
40.0360117
40.0360117
40.0360117
40.0360117
40.0360117
40.0360117
40.0360117
40.0360117
40.0360117
40.0360117
40.0360117
40.0360117
40.0360117
40.0360117
40.0360117
40.0360117
40.0360117
40.0360117
40.0360117
40.0360117
40.0360117
40.0360117
40.0360117
40.0360117
40.0360117
40.0360117
40.0360117
40.0360117
40.0360117
40.0360117
40.0361017
40.0361916
40.0362815
40.0363715
40.0364614
40.0365513
40.0366413
40.0367312
40.0368211
40.0369111
40.0370010
40.0370909
40.0371809
40.0372708
40.0373607
40.0374507
40.0375406
40.0376305
40.0377205
40.0378104
40.0379003
40.0379902
40.0380802
40.0381701
40.0382131
40.0382131
40.0382131
40.0382131
40.0382131
40.0382131
40.0382131
40.0382131
40.0382131
40.0382131
40.0382131
40.0382131
40.0382131
40.0382131
40.0382131
40.0382131
40.0382131
40.0382131
40.0382131
40.0382131
40.0382131
40.0382131
40.0382131
40.0382131
40.0382131
40.0382131
40.0382131
40.0382131
40.0382131
40.0382131
40.0382131
40.0382131
40.0382131
40.0382131
40.0382131
40.0381904
40.0381676
40.0381449
40.0381222
40.0380995
40.0380767
40.0380540
40.0380313
40.0380086
40.0379858
40.0379631
40.0379404
40.0379176
40.0378949
40.0378722
40.0378495
40.0378267
40.0378040
40.0377813
40.0377586
40.0377358
40.0377131
40.0376904
40.0376677
40.0376449
40.0376222
40.0375995
40.0375767
40.0375540
40.0375313
40.0375086
40.0374858
40.0374631
40.0374404
40.0374176
40.0373949
40.0373722
40.0373495
40.0373267
40.0373040
40.0372813
40.0372585
40.0372358
40.0372131
40.0371903
40.0371676
40.0371449
40.0371222
40.0371125
40.0371125
40.0370934
40.0370743
40.0370552
40.0370361
40.0370170
40.0369979
40.0369788
40.0369597
40.0369406
40.0369215
40.0369024
40.0368833
40.0368642
40.0368451
40.0368260
40.0368069
40.0367878
40.0367687
40.0367496
40.0367305
40.0367114
40.0366923
40.0366732
40.0366541
40.0366350
40.0366159
40.0365968
40.0365777
40.0365586
40.0365395
40.0365204
40.0365013
40.0364822
40.0364631
40.0364440
40.0364249
40.0364058
40.0363866
40.0363675
40.0363484
40.0363293
40.0363102
40.0362911
40.0362720
40.0362529
40.0362338
40.0362147
40.0361956
40.0361916
40.0361916
40.0361916
40.0361916
40.0361916
40.0361916
40.0361916
40.0361916
40.0361916
40.0361916
40.0361916
40.0361916
40.0361916
40.0361916
40.0361916
40.0361916
40.0361916
40.0361916
40.0361916
40.0361916
40.0361916
40.0361916
40.0361916
40.0361916
40.0361916
40.0361916
40.0361916
40.0361916
40.0361916
40.0361916
40.0361916
40.0361916
40.0361916
40.0362815
40.0363715
40.0364614
40.0365513
40.0366413
40.0367312
40.0368211
40.0369111
40.0370010
40.0370909
40.0371809
40.0372708
40.0373607
40.0374507
40.0375406
40.0376305
40.0377205
40.0378104
40.0379003
40.0379903
40.0380332
40.0380332
40.0380332
40.0380332
40.0380332
40.0380332
40.0380332
40.0380332
40.0380332
40.0380332
40.0380332
40.0380332
40.0380332
40.0380332
40.0380332
40.0380332
40.0380332
40.0380332
40.0380332
40.0380332
40.0380332
40.0380332
40.0380332
40.0380332
40.0380332
40.0380332
40.0380332
40.0380332
40.0380332
40.0380332
40.0380332
40.0380332
40.0380332
40.0380105
40.0379878
40.0379650
40.0379423
40.0379196
40.0378969
40.0378741
40.0378514
40.0378287
40.0378060
40.0377832
40.0377605
40.0377378
40.0377151
40.0376923
40.0376696
40.0376469
40.0376242
40.0376014
40.0375787
40.0375560
40.0375332
40.0375105
40.0374878
40.0374651
40.0374423
40.0374196
40.0373969
40.0373741
40.0373514
40.0373287
40.0373060
40.0372832
40.0372605
40.0372378
40.0372150
40.0371923
40.0371696
40.0371469
40.0371241
40.0371125
40.0371125
40.0370941
40.0370758
40.0370574
40.0370390
40.0370206
40.0370022
40.0369838
40.0369654
40.0369471
40.0369287
40.0369103
40.0368919
40.0368735
40.0368551
40.0368367
40.0368184
40.0368000
40.0367816
40.0367632
40.0367448
40.0367264
40.0367080
40.0366897
40.0366713
40.0366529
40.0366345
40.0366161
40.0365977
40.0365793
40.0365609
40.0365426
40.0365242
40.0365058
40.0364874
40.0364690
40.0364506
40.0364322
40.0364138
40.0363955
40.0363771
40.0363715
40.0363715
40.0363715
40.0363715
40.0363715
40.0363715
40.0363715
40.0363715
40.0363715
40.0363715
40.0363715
40.0363715
40.0363715
40.0363715
40.0363715
40.0363715
40.0363715
40.0363715
40.0363715
40.0363715
40.0363715
40.0363715
40.0363715
40.0363715
40.0363715
40.0363715
40.0363715
40.0363715
40.0363715
40.0363715
40.0364614
40.0365513
40.0366413
40.0367312
40.0368211
40.0369111
40.0370010
40.0370909
40.0371809
40.0372708
40.0373607
40.0374507
40.0375406
40.0376305
40.0377205
40.0378104
40.0378534
40.0378534
40.0378534
40.0378534
40.0378534
40.0378534
40.0378534
40.0378534
40.0378534
40.0378534
40.0378534
40.0378534
40.0378534
40.0378534
40.0378534
40.0378534
40.0378534
40.0378534
40.0378534
40.0378534
40.0378534
40.0378534
40.0378534
40.0378534
40.0378534
40.0378534
40.0378534
40.0378534
40.0378534
40.0378534
40.0378306
40.0378079
40.0377852
40.0377625
40.0377397
40.0377170
40.0376943
40.0376716
40.0376488
40.0376261
40.0376034
40.0375806
40.0375579
40.0375352
40.0375125
40.0374897
40.0374670
40.0374443
40.0374216
40.0373988
40.0373761
40.0373534
40.0373307
40.0373079
40.0372852
40.0372625
40.0372397
40.0372170
40.0371943
40.0371716
40.0371488
40.0371261
40.0371125
40.0371125
40.0370952
40.0370779
40.0370606
40.0370432
40.0370259
40.0370086
40.0369913
40.0369740
40.0369567
40.0369393
40.0369220
40.0369047
40.0368874
40.0368701
40.0368527
40.0368354
40.0368181
40.0368008
40.0367835
40.0367662
40.0367488
40.0367315
40.0367142
40.0366969
40.0366796
40.0366622
40.0366449
40.0366276
40.0366103
40.0365930
40.0365756
40.0365583
40.0365513
40.0365513
40.0365513
40.0365513
40.0365513
40.0365513
40.0365513
40.0365513
40.0365513
40.0365513
40.0365513
40.0365513
40.0365513
40.0365513
40.0365513
40.0365513
40.0365513
40.0365513
40.0365513
40.0365513
40.0365513
40.0365513
40.0365513
40.0365513
40.0365513
40.0365513
40.0365513
40.0365513
40.0366413
40.0367312
40.0368211
40.0369111
40.0370010
40.0370909
40.0371809
40.0372708
40.0373607
40.0374507
40.0375406
40.0376305
40.0376735
40.0376735
40.0376735
40.0376735
40.0376735
40.0376735
40.0376735
40.0376735
40.0376735
40.0376735
40.0376735
40.0376735
40.0376735
40.0376735
40.0376735
40.0376735
40.0376735
40.0376735
40.0376735
40.0376735
40.0376735
40.0376735
40.0376735
40.0376735
40.0376735
40.0376735
40.0376735
40.0376735
40.0376508
40.0376280
40.0376053
40.0375826
40.0375599
40.0375371
40.0375144
40.0374917
40.0374690
40.0374462
40.0374235
40.0374008
40.0373781
40.0373553
40.0373326
40.0373099
40.0372872
40.0372644
40.0372417
40.0372190
40.0371962
40.0371735
40.0371508
40.0371281
40.0371125
40.0371125
40.0370969
40.0370814
40.0370658
40.0370503
40.0370347
40.0370192
40.0370036
40.0369881
40.0369725
40.0369569
40.0369414
40.0369258
40.0369103
40.0368947
40.0368792
40.0368636
40.0368480
40.0368325
40.0368169
40.0368014
40.0367858
40.0367702
40.0367547
40.0367391
40.0367312
40.0367312
40.0367312
40.0367312
40.0367312
40.0367312
40.0367312
40.0367312
40.0367312
40.0367312
40.0367312
40.0367312
40.0367312
40.0367312
40.0367312
40.0367312
40.0367312
40.0367312
40.0367312
40.0367312
40.0367312
40.0367312
40.0367312
40.0367312
40.0367312
40.0367312
40.0368211
40.0369111
40.0370010
40.0370909
40.0371809
40.0372708
40.0373607
40.0374507
40.0374936
40.0374936
40.0374936
40.0374936
40.0374936
40.0374936
40.0374936
40.0374936
40.0374936
40.0374936
40.0374936
40.0374936
40.0374936
40.0374936
40.0374936
40.0374936
40.0374936
40.0374936
40.0374936
40.0374936
40.0374936
40.0374936
40.0374936
40.0374936
40.0374936
40.0374936
40.0374709
40.0374482
40.0374255
40.0374027
40.0373800
40.0373573
40.0373346
40.0373118
40.0372891
40.0372664
40.0372436
40.0372209
40.0371982
40.0371755
40.0371527
40.0371300
40.0371125
40.0371125
40.0371004
40.0370883
40.0370762
40.0370641
40.0370519
40.0370398
40.0370277
40.0370156
40.0370035
40.0369914
40.0369793
40.0369672
40.0369551
40.0369430
40.0369309
40.0369188
40.0369110
40.0369110
40.0369111
40.0369111
40.0369111
40.0369111
40.0369111
40.0369111
40.0369111
40.0369111
40.0369111
40.0369111
40.0369111
40.0369111
40.0369111
40.0369111
40.0369111
40.0369111
40.0369111
40.0369111
40.0369111
40.0369111
