116.2951404
116.2951765
116.2952311
116.2951046
116.2950688
116.2951795
116.2952857
116.2953404
116.2952297
116.2951191
116.2950330
116.2949972
116.2951078
116.2952185
116.2953291
116.2953950
116.2954496
116.2953390
116.2952283
116.2951177
116.2950070
116.2949614
116.2949256
116.2950362
116.2951469
116.2952575
116.2953682
116.2954788
116.2955043
116.2955589
116.2954483
116.2953376
116.2952269
116.2951163
116.2950056
116.2948897
116.2948539
116.2949646
116.2950752
116.2951859
116.2952966
116.2954072
116.2955179
116.2956135
116.2955669
116.2954563
116.2953456
116.2952350
116.2951243
116.2950137
116.2949030
116.2948181
116.2947823
116.2948930
116.2950036
116.2951143
116.2952249
116.2953356
116.2953604
116.2951538
116.2950431
116.2949325
116.2948218
116.2947465
116.2947107
116.2948214
116.2949472
116.2947406
116.2946749
