40.03511240 116.34202770 
40.03511240 116.34702770 
40.03911240 116.34702770 
40.03911240 116.34202770 
Convert polygon to NED - tangentOrigin 40.035112 116.342028
vertex:x:y 0.000000 0.000000
vertex:x:y 425.682190 0.011948
vertex:x:y 425.657222 444.791654
vertex:x:y 0.000000 444.779707
Clamped grid angle 30.000000
Polygon
smallBoundRect 5 0.000000 0.000000 425.682190 444.791654
Bounding rect center 212.841095 222.395827
Bounding rect
smallBoundRect 5 -82.682614 -76.625156 591.047417 598.041967
Rotated bounding rect
1
SurveyMissionItemLog -192.600437 111.197918 106.420544 629.117450
SurveyMissionItemLog -183.940183 106.197918 115.080798 624.117450
SurveyMissionItemLog -175.279929 101.197918 123.741052 619.117450
SurveyMissionItemLog -166.619675 96.197918 132.401306 614.117450
SurveyMissionItemLog -157.959421 91.197918 141.061560 609.117450
SurveyMissionItemLog -149.299167 86.197918 149.721814 604.117450
SurveyMissionItemLog -140.638913 81.197918 158.382068 599.117450
SurveyMissionItemLog -131.978659 76.197918 167.042322 594.117450
SurveyMissionItemLog -123.318405 71.197918 175.702576 589.117450
SurveyMissionItemLog -114.658151 66.197918 184.362830 584.117450
SurveyMissionItemLog -105.997897 61.197918 193.023084 579.117450
SurveyMissionItemLog -97.337643 56.197918 201.683338 574.117450
SurveyMissionItemLog -88.677389 51.197918 210.343592 569.117450
SurveyMissionItemLog -80.017134 46.197918 219.003846 564.117450
SurveyMissionItemLog -71.356880 41.197918 227.664100 559.117450
SurveyMissionItemLog -62.696626 36.197918 236.324354 554.117450
SurveyMissionItemLog -54.036372 31.197918 244.984608 549.117450
SurveyMissionItemLog -45.376118 26.197918 253.644863 544.117450
SurveyMissionItemLog -36.715864 21.197918 262.305117 539.117450
SurveyMissionItemLog -28.055610 16.197918 270.965371 534.117450
SurveyMissionItemLog -19.395356 11.197918 279.625625 529.117450
SurveyMissionItemLog -10.735102 6.197918 288.285879 524.117450
SurveyMissionItemLog -2.074848 1.197918 296.946133 519.117450
SurveyMissionItemLog 6.585406 -3.802082 305.606387 514.117450
SurveyMissionItemLog 15.245660 -8.802082 314.266641 509.117450
SurveyMissionItemLog 23.905914 -13.802082 322.926895 504.117450
SurveyMissionItemLog 32.566168 -18.802082 331.587149 499.117450
SurveyMissionItemLog 41.226422 -23.802082 340.247403 494.117450
SurveyMissionItemLog 49.886676 -28.802082 348.907657 489.117450
SurveyMissionItemLog 58.546930 -33.802082 357.567911 484.117450
SurveyMissionItemLog 67.207184 -38.802082 366.228165 479.117450
SurveyMissionItemLog 75.867438 -43.802082 374.888419 474.117450
SurveyMissionItemLog 84.527692 -48.802082 383.548673 469.117450
SurveyMissionItemLog 93.187946 -53.802082 392.208927 464.117450
SurveyMissionItemLog 101.848200 -58.802082 400.869181 459.117450
SurveyMissionItemLog 110.508454 -63.802082 409.529435 454.117450
SurveyMissionItemLog 119.168708 -68.802082 418.189689 449.117450
SurveyMissionItemLog 127.828962 -73.802082 426.849943 444.117450
SurveyMissionItemLog 136.489216 -78.802082 435.510197 439.117450
SurveyMissionItemLog 145.149471 -83.802082 444.170451 434.117450
SurveyMissionItemLog 153.809725 -88.802082 452.830705 429.117450
SurveyMissionItemLog 162.469979 -93.802082 461.490959 424.117450
SurveyMissionItemLog 171.130233 -98.802082 470.151213 419.117450
SurveyMissionItemLog 179.790487 -103.802082 478.811467 414.117450
SurveyMissionItemLog 188.450741 -108.802082 487.471722 409.117450
SurveyMissionItemLog 197.110995 -113.802082 496.131976 404.117450
SurveyMissionItemLog 205.771249 -118.802082 504.792230 399.117450
SurveyMissionItemLog 214.431503 -123.802082 513.452484 394.117450
SurveyMissionItemLog 223.091757 -128.802082 522.112738 389.117450
SurveyMissionItemLog 231.752011 -133.802082 530.772992 384.117450
SurveyMissionItemLog 240.412265 -138.802082 539.433246 379.117450
SurveyMissionItemLog 249.072519 -143.802082 548.093500 374.117450
SurveyMissionItemLog 257.732773 -148.802082 556.753754 369.117450
SurveyMissionItemLog 266.393027 -153.802082 565.414008 364.117450
SurveyMissionItemLog 275.053281 -158.802082 574.074262 359.117450
SurveyMissionItemLog 283.713535 -163.802082 582.734516 354.117450
SurveyMissionItemLog 292.373789 -168.802082 591.394770 349.117450
SurveyMissionItemLog 301.034043 -173.802082 600.055024 344.117450
SurveyMissionItemLog 309.694297 -178.802082 608.715278 339.117450
SurveyMissionItemLog 318.354551 -183.802082 617.375532 334.117450
intersectLinesWithPolygon 60
 intersectLinesWithPolygon  60
 getCross 1.732051 0.000000 444.791661 0.000000 
 getCross333 -256.800585 0.000000 
  polygonLine 0.000000 0.000000 425.682190 0.011948 
 line -192.600437 111.197918 106.420544 629.117450 
 intersectPoint -256.800585 0.000000 
  getCross 1.732051 3.000000 444.791661 425.682190 
 getCross333 15.071165 470.895684 
  getCross444 15.071165 470.895684
 polygonLine 425.682190 0.011948 425.657222 444.791654 
 line -192.600437 111.197918 106.420544 629.117450 
 getCross 1.732051 0.000000 444.791661 444.791654 
 getCross333 -0.000004 444.791654 
  getCross111 -0.000004 444.791654
 polygonLine 425.657222 444.791654 0.000000 444.779707 
 line -192.600437 111.197918 106.420544 629.117450 
 getCross 1.732051 3.000000 444.791661 0.000000 
 getCross333 350.796123 1052.388369 
  getCross444 350.796123 1052.388369
 polygonLine 0.000000 444.779707 0.000000 0.000000 
 line -192.600437 111.197918 106.420544 629.117450 
 getCross 1.732051 0.000000 424.791661 0.000000 
 getCross333 -245.253580 0.000000 
  polygonLine 0.000000 0.000000 425.682190 0.011948 
 line -183.940183 106.197918 115.080798 624.117450 
 intersectPoint -245.253580 0.000000 
  getCross 1.732051 3.000000 424.791661 425.682190 
 getCross333 -0.702338 423.575176 
  getCross444 -0.702338 423.575176
 polygonLine 425.682190 0.011948 425.657222 444.791654 
 line -183.940183 106.197918 115.080798 624.117450 
 getCross 1.732051 0.000000 424.791661 444.791654 
 getCross333 11.547001 444.791654 
  getCross111 11.547001 444.791654
 polygonLine 425.657222 444.791654 0.000000 444.779707 
 line -183.940183 106.197918 115.080798 624.117450 
 getCross 1.732051 3.000000 424.791661 0.000000 
 getCross333 335.022620 1005.067861 
  getCross444 335.022620 1005.067861
 polygonLine 0.000000 444.779707 0.000000 0.000000 
 line -183.940183 106.197918 115.080798 624.117450 
 getCross 1.732051 0.000000 404.791661 0.000000 
 getCross333 -233.706574 0.000000 
  polygonLine 0.000000 0.000000 425.682190 0.011948 
 line -175.279929 101.197918 123.741052 619.117450 
 intersectPoint -233.706574 0.000000 
  getCross 1.732051 3.000000 404.791661 425.682190 
 getCross333 -16.475841 376.254668 
  getCross444 -16.475841 376.254668
 polygonLine 425.682190 0.011948 425.657222 444.791654 
 line -175.279929 101.197918 123.741052 619.117450 
 getCross 1.732051 0.000000 404.791661 444.791654 
 getCross333 23.094007 444.791654 
  getCross111 23.094007 444.791654
 polygonLine 425.657222 444.791654 0.000000 444.779707 
 line -175.279929 101.197918 123.741052 619.117450 
 getCross 1.732051 3.000000 404.791661 0.000000 
 getCross333 319.249118 957.747353 
  getCross444 319.249118 957.747353
 polygonLine 0.000000 444.779707 0.000000 0.000000 
 line -175.279929 101.197918 123.741052 619.117450 
 getCross 1.732051 0.000000 384.791661 0.000000 
 getCross333 -222.159569 0.000000 
  polygonLine 0.000000 0.000000 425.682190 0.011948 
 line -166.619675 96.197918 132.401306 614.117450 
 intersectPoint -222.159569 0.000000 
  getCross 1.732051 3.000000 384.791661 425.682190 
 getCross333 -32.249343 328.934159 
  getCross444 -32.249343 328.934159
 polygonLine 425.682190 0.011948 425.657222 444.791654 
 line -166.619675 96.197918 132.401306 614.117450 
 getCross 1.732051 0.000000 384.791661 444.791654 
 getCross333 34.641012 444.791654 
  getCross111 34.641012 444.791654
 polygonLine 425.657222 444.791654 0.000000 444.779707 
 line -166.619675 96.197918 132.401306 614.117450 
 getCross 1.732051 3.000000 384.791661 0.000000 
 getCross333 303.475615 910.426845 
  getCross444 303.475615 910.426845
 polygonLine 0.000000 444.779707 0.000000 0.000000 
 line -166.619675 96.197918 132.401306 614.117450 
 getCross 1.732051 0.000000 364.791661 0.000000 
 getCross333 -210.612564 0.000000 
  polygonLine 0.000000 0.000000 425.682190 0.011948 
 line -157.959421 91.197918 141.061560 609.117450 
 intersectPoint -210.612564 0.000000 
  getCross 1.732051 3.000000 364.791661 425.682190 
 getCross333 -48.022846 281.613651 
  getCross444 -48.022846 281.613651
 polygonLine 425.682190 0.011948 425.657222 444.791654 
 line -157.959421 91.197918 141.061560 609.117450 
 getCross 1.732051 0.000000 364.791661 444.791654 
 getCross333 46.188018 444.791654 
  getCross111 46.188018 444.791654
 polygonLine 425.657222 444.791654 0.000000 444.779707 
 line -157.959421 91.197918 141.061560 609.117450 
 getCross 1.732051 3.000000 364.791661 0.000000 
 getCross333 287.702112 863.106337 
  getCross444 287.702112 863.106337
 polygonLine 0.000000 444.779707 0.000000 0.000000 
 line -157.959421 91.197918 141.061560 609.117450 
 getCross 1.732051 0.000000 344.791661 0.000000 
 getCross333 -199.065558 0.000000 
  polygonLine 0.000000 0.000000 425.682190 0.011948 
 line -149.299167 86.197918 149.721814 604.117450 
 intersectPoint -199.065558 0.000000 
  getCross 1.732051 3.000000 344.791661 425.682190 
 getCross333 -63.796349 234.293143 
  getCross444 -63.796349 234.293143
 polygonLine 425.682190 0.011948 425.657222 444.791654 
 line -149.299167 86.197918 149.721814 604.117450 
 getCross 1.732051 0.000000 344.791661 444.791654 
 getCross333 57.735023 444.791654 
  getCross111 57.735023 444.791654
 polygonLine 425.657222 444.791654 0.000000 444.779707 
 line -149.299167 86.197918 149.721814 604.117450 
 getCross 1.732051 3.000000 344.791661 0.000000 
 getCross333 271.928610 815.785829 
  getCross444 271.928610 815.785829
 polygonLine 0.000000 444.779707 0.000000 0.000000 
 line -149.299167 86.197918 149.721814 604.117450 
 getCross 1.732051 0.000000 324.791661 0.000000 
 getCross333 -187.518553 0.000000 
  polygonLine 0.000000 0.000000 425.682190 0.011948 
 line -140.638913 81.197918 158.382068 599.117450 
 intersectPoint -187.518553 0.000000 
  getCross 1.732051 3.000000 324.791661 425.682190 
 getCross333 -79.569852 186.972635 
  getCross444 -79.569852 186.972635
 polygonLine 425.682190 0.011948 425.657222 444.791654 
 line -140.638913 81.197918 158.382068 599.117450 
 getCross 1.732051 0.000000 324.791661 444.791654 
 getCross333 69.282028 444.791654 
  getCross111 69.282028 444.791654
 polygonLine 425.657222 444.791654 0.000000 444.779707 
 line -140.638913 81.197918 158.382068 599.117450 
 getCross 1.732051 3.000000 324.791661 0.000000 
 getCross333 256.155107 768.465321 
  getCross444 256.155107 768.465321
 polygonLine 0.000000 444.779707 0.000000 0.000000 
 line -140.638913 81.197918 158.382068 599.117450 
 getCross 1.732051 0.000000 304.791661 0.000000 
 getCross333 -175.971547 0.000000 
  polygonLine 0.000000 0.000000 425.682190 0.011948 
 line -131.978659 76.197918 167.042322 594.117450 
 intersectPoint -175.971547 0.000000 
  getCross 1.732051 3.000000 304.791661 425.682190 
 getCross333 -95.343354 139.652127 
  getCross444 -95.343354 139.652127
 polygonLine 425.682190 0.011948 425.657222 444.791654 
 line -131.978659 76.197918 167.042322 594.117450 
 getCross 1.732051 0.000000 304.791661 444.791654 
 getCross333 80.829034 444.791654 
  getCross111 80.829034 444.791654
 polygonLine 425.657222 444.791654 0.000000 444.779707 
 line -131.978659 76.197918 167.042322 594.117450 
 getCross 1.732051 3.000000 304.791661 0.000000 
 getCross333 240.381604 721.144813 
  getCross444 240.381604 721.144813
 polygonLine 0.000000 444.779707 0.000000 0.000000 
 line -131.978659 76.197918 167.042322 594.117450 
 getCross 1.732051 0.000000 284.791661 0.000000 
 getCross333 -164.424542 0.000000 
  polygonLine 0.000000 0.000000 425.682190 0.011948 
 line -123.318405 71.197918 175.702576 589.117450 
 intersectPoint -164.424542 0.000000 
  getCross 1.732051 3.000000 284.791661 425.682190 
 getCross333 -111.116857 92.331619 
  getCross444 -111.116857 92.331619
 polygonLine 425.682190 0.011948 425.657222 444.791654 
 line -123.318405 71.197918 175.702576 589.117450 
 getCross 1.732051 0.000000 284.791661 444.791654 
 getCross333 92.376039 444.791654 
  getCross111 92.376039 444.791654
 polygonLine 425.657222 444.791654 0.000000 444.779707 
 line -123.318405 71.197918 175.702576 589.117450 
 getCross 1.732051 3.000000 284.791661 0.000000 
 getCross333 224.608101 673.824304 
  getCross444 224.608101 673.824304
 polygonLine 0.000000 444.779707 0.000000 0.000000 
 line -123.318405 71.197918 175.702576 589.117450 
 getCross 1.732051 0.000000 264.791661 0.000000 
 getCross333 -152.877537 0.000000 
  polygonLine 0.000000 0.000000 425.682190 0.011948 
 line -114.658151 66.197918 184.362830 584.117450 
 intersectPoint -152.877537 0.000000 
  getCross 1.732051 3.000000 264.791661 425.682190 
 getCross333 -126.890360 45.011111 
  getCross444 -126.890360 45.011111
 polygonLine 425.682190 0.011948 425.657222 444.791654 
 line -114.658151 66.197918 184.362830 584.117450 
 getCross 1.732051 0.000000 264.791661 444.791654 
 getCross333 103.923044 444.791654 
  getCross111 103.923044 444.791654
 polygonLine 425.657222 444.791654 0.000000 444.779707 
 line -114.658151 66.197918 184.362830 584.117450 
 getCross 1.732051 3.000000 264.791661 0.000000 
 getCross333 208.834599 626.503796 
  getCross444 208.834599 626.503796
 polygonLine 0.000000 444.779707 0.000000 0.000000 
 line -114.658151 66.197918 184.362830 584.117450 
 getCross 1.732051 0.000000 244.791661 0.000000 
 getCross333 -141.330531 0.000000 
  polygonLine 0.000000 0.000000 425.682190 0.011948 
 line -105.997897 61.197918 193.023084 579.117450 
 intersectPoint -141.330531 0.000000 
  getCross 1.732051 3.000000 244.791661 425.682190 
 getCross333 -142.663862 -2.309397 
  getCross444 -142.663862 -2.309397
 polygonLine 425.682190 0.011948 425.657222 444.791654 
 line -105.997897 61.197918 193.023084 579.117450 
 getCross 1.732051 0.000000 244.791661 444.791654 
 getCross333 115.470050 444.791654 
  getCross111 115.470050 444.791654
 polygonLine 425.657222 444.791654 0.000000 444.779707 
 line -105.997897 61.197918 193.023084 579.117450 
 getCross 1.732051 3.000000 244.791661 0.000000 
 getCross333 193.061096 579.183288 
  getCross444 193.061096 579.183288
 polygonLine 0.000000 444.779707 0.000000 0.000000 
 line -105.997897 61.197918 193.023084 579.117450 
 getCross 1.732051 0.000000 224.791661 0.000000 
 getCross333 -129.783526 0.000000 
  polygonLine 0.000000 0.000000 425.682190 0.011948 
 line -97.337643 56.197918 201.683338 574.117450 
 intersectPoint -129.783526 0.000000 
  getCross 1.732051 3.000000 224.791661 425.682190 
 getCross333 -158.437365 -49.629905 
  getCross444 -158.437365 -49.629905
 polygonLine 425.682190 0.011948 425.657222 444.791654 
 line -97.337643 56.197918 201.683338 574.117450 
 getCross 1.732051 0.000000 224.791661 444.791654 
 getCross333 127.017055 444.791654 
  getCross111 127.017055 444.791654
 polygonLine 425.657222 444.791654 0.000000 444.779707 
 line -97.337643 56.197918 201.683338 574.117450 
 getCross 1.732051 3.000000 224.791661 0.000000 
 getCross333 177.287593 531.862780 
  getCross444 177.287593 531.862780
 polygonLine 0.000000 444.779707 0.000000 0.000000 
 line -97.337643 56.197918 201.683338 574.117450 
 getCross 1.732051 0.000000 204.791661 0.000000 
 getCross333 -118.236521 0.000000 
  polygonLine 0.000000 0.000000 425.682190 0.011948 
 line -88.677389 51.197918 210.343592 569.117450 
 intersectPoint -118.236521 0.000000 
  getCross 1.732051 3.000000 204.791661 425.682190 
 getCross333 -174.210868 -96.950413 
  getCross444 -174.210868 -96.950413
 polygonLine 425.682190 0.011948 425.657222 444.791654 
 line -88.677389 51.197918 210.343592 569.117450 
 getCross 1.732051 0.000000 204.791661 444.791654 
 getCross333 138.564061 444.791654 
  getCross111 138.564061 444.791654
 polygonLine 425.657222 444.791654 0.000000 444.779707 
 line -88.677389 51.197918 210.343592 569.117450 
 getCross 1.732051 3.000000 204.791661 0.000000 
 getCross333 161.514091 484.542272 
  getCross444 161.514091 484.542272
 polygonLine 0.000000 444.779707 0.000000 0.000000 
 line -88.677389 51.197918 210.343592 569.117450 
 getCross 1.732051 0.000000 184.791661 0.000000 
 getCross333 -106.689515 0.000000 
  polygonLine 0.000000 0.000000 425.682190 0.011948 
 line -80.017134 46.197918 219.003846 564.117450 
 intersectPoint -106.689515 0.000000 
  getCross 1.732051 3.000000 184.791661 425.682190 
 getCross333 -189.984370 -144.270921 
  getCross444 -189.984370 -144.270921
 polygonLine 425.682190 0.011948 425.657222 444.791654 
 line -80.017134 46.197918 219.003846 564.117450 
 getCross 1.732051 0.000000 184.791661 444.791654 
 getCross333 150.111066 444.791654 
  getCross111 150.111066 444.791654
 polygonLine 425.657222 444.791654 0.000000 444.779707 
 line -80.017134 46.197918 219.003846 564.117450 
 getCross 1.732051 3.000000 184.791661 0.000000 
 getCross333 145.740588 437.221764 
  getCross444 145.740588 437.221764
 polygonLine 0.000000 444.779707 0.000000 0.000000 
 line -80.017134 46.197918 219.003846 564.117450 
 getCross 1.732051 0.000000 164.791661 0.000000 
 getCross333 -95.142510 0.000000 
  polygonLine 0.000000 0.000000 425.682190 0.011948 
 line -71.356880 41.197918 227.664100 559.117450 
 intersectPoint -95.142510 0.000000 
  getCross 1.732051 3.000000 164.791661 425.682190 
 getCross333 -205.757873 -191.591429 
  getCross444 -205.757873 -191.591429
 polygonLine 425.682190 0.011948 425.657222 444.791654 
 line -71.356880 41.197918 227.664100 559.117450 
 getCross 1.732051 0.000000 164.791661 444.791654 
 getCross333 161.658071 444.791654 
  getCross111 161.658071 444.791654
 polygonLine 425.657222 444.791654 0.000000 444.779707 
 line -71.356880 41.197918 227.664100 559.117450 
 getCross 1.732051 3.000000 164.791661 0.000000 
 getCross333 129.967085 389.901256 
  getCross444 129.967085 389.901256
 polygonLine 0.000000 444.779707 0.000000 0.000000 
 line -71.356880 41.197918 227.664100 559.117450 
 getCross 1.732051 0.000000 144.791661 0.000000 
 getCross333 -83.595504 0.000000 
  polygonLine 0.000000 0.000000 425.682190 0.011948 
 line -62.696626 36.197918 236.324354 554.117450 
 intersectPoint -83.595504 0.000000 
  getCross 1.732051 3.000000 144.791661 425.682190 
 getCross333 -221.531376 -238.911937 
  getCross444 -221.531376 -238.911937
 polygonLine 425.682190 0.011948 425.657222 444.791654 
 line -62.696626 36.197918 236.324354 554.117450 
 getCross 1.732051 0.000000 144.791661 444.791654 
 getCross333 173.205077 444.791654 
  getCross111 173.205077 444.791654
 polygonLine 425.657222 444.791654 0.000000 444.779707 
 line -62.696626 36.197918 236.324354 554.117450 
 getCross 1.732051 3.000000 144.791661 0.000000 
 getCross333 114.193583 342.580748 
  getCross444 114.193583 342.580748
 polygonLine 0.000000 444.779707 0.000000 0.000000 
 line -62.696626 36.197918 236.324354 554.117450 
 getCross 1.732051 0.000000 124.791661 0.000000 
 getCross333 -72.048499 0.000000 
  polygonLine 0.000000 0.000000 425.682190 0.011948 
 line -54.036372 31.197918 244.984608 549.117450 
 intersectPoint -72.048499 0.000000 
  getCross 1.732051 3.000000 124.791661 425.682190 
 getCross333 -237.304878 -286.232446 
  getCross444 -237.304878 -286.232446
 polygonLine 425.682190 0.011948 425.657222 444.791654 
 line -54.036372 31.197918 244.984608 549.117450 
 getCross 1.732051 0.000000 124.791661 444.791654 
 getCross333 184.752082 444.791654 
  getCross111 184.752082 444.791654
 polygonLine 425.657222 444.791654 0.000000 444.779707 
 line -54.036372 31.197918 244.984608 549.117450 
 getCross 1.732051 3.000000 124.791661 0.000000 
 getCross333 98.420080 295.260240 
  getCross444 98.420080 295.260240
 polygonLine 0.000000 444.779707 0.000000 0.000000 
 line -54.036372 31.197918 244.984608 549.117450 
 getCross 1.732051 0.000000 104.791661 0.000000 
 getCross333 -60.501494 0.000000 
  polygonLine 0.000000 0.000000 425.682190 0.011948 
 line -45.376118 26.197918 253.644863 544.117450 
 intersectPoint -60.501494 0.000000 
  getCross 1.732051 3.000000 104.791661 425.682190 
 getCross333 -253.078381 -333.552954 
  getCross444 -253.078381 -333.552954
 polygonLine 425.682190 0.011948 425.657222 444.791654 
 line -45.376118 26.197918 253.644863 544.117450 
 getCross 1.732051 0.000000 104.791661 444.791654 
 getCross333 196.299088 444.791654 
  getCross111 196.299088 444.791654
 polygonLine 425.657222 444.791654 0.000000 444.779707 
 line -45.376118 26.197918 253.644863 544.117450 
 getCross 1.732051 3.000000 104.791661 0.000000 
 getCross333 82.646577 247.939732 
  getCross444 82.646577 247.939732
 polygonLine 0.000000 444.779707 0.000000 0.000000 
 line -45.376118 26.197918 253.644863 544.117450 
 getCross 1.732051 0.000000 84.791661 0.000000 
 getCross333 -48.954488 0.000000 
  polygonLine 0.000000 0.000000 425.682190 0.011948 
 line -36.715864 21.197918 262.305117 539.117450 
 intersectPoint -48.954488 0.000000 
  getCross 1.732051 3.000000 84.791661 425.682190 
 getCross333 -268.851884 -380.873462 
  getCross444 -268.851884 -380.873462
 polygonLine 425.682190 0.011948 425.657222 444.791654 
 line -36.715864 21.197918 262.305117 539.117450 
 getCross 1.732051 0.000000 84.791661 444.791654 
 getCross333 207.846093 444.791654 
  getCross111 207.846093 444.791654
 polygonLine 425.657222 444.791654 0.000000 444.779707 
 line -36.715864 21.197918 262.305117 539.117450 
 getCross 1.732051 3.000000 84.791661 0.000000 
 getCross333 66.873075 200.619224 
  getCross444 66.873075 200.619224
 polygonLine 0.000000 444.779707 0.000000 0.000000 
 line -36.715864 21.197918 262.305117 539.117450 
 getCross 1.732051 0.000000 64.791661 0.000000 
 getCross333 -37.407483 0.000000 
  polygonLine 0.000000 0.000000 425.682190 0.011948 
 line -28.055610 16.197918 270.965371 534.117450 
 intersectPoint -37.407483 0.000000 
  getCross 1.732051 3.000000 64.791661 425.682190 
 getCross333 -284.625387 -428.193970 
  getCross444 -284.625387 -428.193970
 polygonLine 425.682190 0.011948 425.657222 444.791654 
 line -28.055610 16.197918 270.965371 534.117450 
 getCross 1.732051 0.000000 64.791661 444.791654 
 getCross333 219.393098 444.791654 
  getCross111 219.393098 444.791654
 polygonLine 425.657222 444.791654 0.000000 444.779707 
 line -28.055610 16.197918 270.965371 534.117450 
 getCross 1.732051 3.000000 64.791661 0.000000 
 getCross333 51.099572 153.298716 
  getCross444 51.099572 153.298716
 polygonLine 0.000000 444.779707 0.000000 0.000000 
 line -28.055610 16.197918 270.965371 534.117450 
 getCross 1.732051 0.000000 44.791661 0.000000 
 getCross333 -25.860477 0.000000 
  polygonLine 0.000000 0.000000 425.682190 0.011948 
 line -19.395356 11.197918 279.625625 529.117450 
 intersectPoint -25.860477 0.000000 
  getCross 1.732051 3.000000 44.791661 425.682190 
 getCross333 -300.398889 -475.514478 
  getCross444 -300.398889 -475.514478
 polygonLine 425.682190 0.011948 425.657222 444.791654 
 line -19.395356 11.197918 279.625625 529.117450 
 getCross 1.732051 0.000000 44.791661 444.791654 
 getCross333 230.940104 444.791654 
  getCross111 230.940104 444.791654
 polygonLine 425.657222 444.791654 0.000000 444.779707 
 line -19.395356 11.197918 279.625625 529.117450 
 getCross 1.732051 3.000000 44.791661 0.000000 
 getCross333 35.326069 105.978208 
  getCross444 35.326069 105.978208
 polygonLine 0.000000 444.779707 0.000000 0.000000 
 line -19.395356 11.197918 279.625625 529.117450 
 getCross 1.732051 0.000000 24.791661 0.000000 
 getCross333 -14.313472 0.000000 
  polygonLine 0.000000 0.000000 425.682190 0.011948 
 line -10.735102 6.197918 288.285879 524.117450 
 intersectPoint -14.313472 0.000000 
  getCross 1.732051 3.000000 24.791661 425.682190 
 getCross333 -316.172392 -522.834986 
  getCross444 -316.172392 -522.834986
 polygonLine 425.682190 0.011948 425.657222 444.791654 
 line -10.735102 6.197918 288.285879 524.117450 
 getCross 1.732051 0.000000 24.791661 444.791654 
 getCross333 242.487109 444.791654 
  getCross111 242.487109 444.791654
 polygonLine 425.657222 444.791654 0.000000 444.779707 
 line -10.735102 6.197918 288.285879 524.117450 
 getCross 1.732051 3.000000 24.791661 0.000000 
 getCross333 19.552566 58.657699 
  getCross444 19.552566 58.657699
 polygonLine 0.000000 444.779707 0.000000 0.000000 
 line -10.735102 6.197918 288.285879 524.117450 
 getCross 1.732051 0.000000 4.791661 0.000000 
 getCross333 -2.766467 0.000000 
  polygonLine 0.000000 0.000000 425.682190 0.011948 
 line -2.074848 1.197918 296.946133 519.117450 
 intersectPoint -2.766467 0.000000 
  getCross 1.732051 3.000000 4.791661 425.682190 
 getCross333 -331.945895 -570.155494 
  getCross444 -331.945895 -570.155494
 polygonLine 425.682190 0.011948 425.657222 444.791654 
 line -2.074848 1.197918 296.946133 519.117450 
 getCross 1.732051 0.000000 4.791661 444.791654 
 getCross333 254.034114 444.791654 
  getCross111 254.034114 444.791654
 polygonLine 425.657222 444.791654 0.000000 444.779707 
 line -2.074848 1.197918 296.946133 519.117450 
 getCross 1.732051 3.000000 4.791661 0.000000 
 getCross333 3.779064 11.337191 
  getCross444 3.779064 11.337191
 polygonLine 0.000000 444.779707 0.000000 0.000000 
 line -2.074848 1.197918 296.946133 519.117450 
 getCross 1.732051 0.000000 -15.208339 0.000000 
 getCross333 8.780539 0.000000 
  getCross111 8.780539 0.000000
 polygonLine 0.000000 0.000000 425.682190 0.011948 
 line 6.585406 -3.802082 305.606387 514.117450 
 getCross 1.732051 3.000000 -15.208339 425.682190 
 getCross333 -347.719397 -617.476002 
  getCross444 -347.719397 -617.476002
 polygonLine 425.682190 0.011948 425.657222 444.791654 
 line 6.585406 -3.802082 305.606387 514.117450 
 getCross 1.732051 0.000000 -15.208339 444.791654 
 getCross333 265.581120 444.791654 
  getCross111 265.581120 444.791654
 polygonLine 425.657222 444.791654 0.000000 444.779707 
 line 6.585406 -3.802082 305.606387 514.117450 
 getCross 1.732051 3.000000 -15.208339 0.000000 
 getCross333 -11.994439 -35.983317 
  getCross444 -11.994439 -35.983317
 polygonLine 0.000000 444.779707 0.000000 0.000000 
 line 6.585406 -3.802082 305.606387 514.117450 
 getCross 1.732051 0.000000 -35.208339 0.000000 
 getCross333 20.327544 0.000000 
  getCross111 20.327544 0.000000
 polygonLine 0.000000 0.000000 425.682190 0.011948 
 line 15.245660 -8.802082 314.266641 509.117450 
 getCross 1.732051 3.000000 -35.208339 425.682190 
 getCross333 -363.492900 -664.796510 
  getCross444 -363.492900 -664.796510
 polygonLine 425.682190 0.011948 425.657222 444.791654 
 line 15.245660 -8.802082 314.266641 509.117450 
 getCross 1.732051 0.000000 -35.208339 444.791654 
 getCross333 277.128125 444.791654 
  getCross111 277.128125 444.791654
 polygonLine 425.657222 444.791654 0.000000 444.779707 
 line 15.245660 -8.802082 314.266641 509.117450 
 getCross 1.732051 3.000000 -35.208339 0.000000 
 getCross333 -27.767942 -83.303825 
  getCross444 -27.767942 -83.303825
 polygonLine 0.000000 444.779707 0.000000 0.000000 
 line 15.245660 -8.802082 314.266641 509.117450 
 getCross 1.732051 0.000000 -55.208339 0.000000 
 getCross333 31.874549 0.000000 
  getCross111 31.874549 0.000000
 polygonLine 0.000000 0.000000 425.682190 0.011948 
 line 23.905914 -13.802082 322.926895 504.117450 
 getCross 1.732051 3.000000 -55.208339 425.682190 
 getCross333 -379.266403 -712.117018 
  getCross444 -379.266403 -712.117018
 polygonLine 425.682190 0.011948 425.657222 444.791654 
 line 23.905914 -13.802082 322.926895 504.117450 
 getCross 1.732051 0.000000 -55.208339 444.791654 
 getCross333 288.675131 444.791654 
  getCross111 288.675131 444.791654
 polygonLine 425.657222 444.791654 0.000000 444.779707 
 line 23.905914 -13.802082 322.926895 504.117450 
 getCross 1.732051 3.000000 -55.208339 0.000000 
 getCross333 -43.541444 -130.624333 
  getCross444 -43.541444 -130.624333
 polygonLine 0.000000 444.779707 0.000000 0.000000 
 line 23.905914 -13.802082 322.926895 504.117450 
 getCross 1.732051 0.000000 -75.208339 0.000000 
 getCross333 43.421555 0.000000 
  getCross111 43.421555 0.000000
 polygonLine 0.000000 0.000000 425.682190 0.011948 
 line 32.566168 -18.802082 331.587149 499.117450 
 getCross 1.732051 3.000000 -75.208339 425.682190 
 getCross333 -395.039905 -759.437526 
  getCross444 -395.039905 -759.437526
 polygonLine 425.682190 0.011948 425.657222 444.791654 
 line 32.566168 -18.802082 331.587149 499.117450 
 getCross 1.732051 0.000000 -75.208339 444.791654 
 getCross333 300.222136 444.791654 
  getCross111 300.222136 444.791654
 polygonLine 425.657222 444.791654 0.000000 444.779707 
 line 32.566168 -18.802082 331.587149 499.117450 
 getCross 1.732051 3.000000 -75.208339 0.000000 
 getCross333 -59.314947 -177.944841 
  getCross444 -59.314947 -177.944841
 polygonLine 0.000000 444.779707 0.000000 0.000000 
 line 32.566168 -18.802082 331.587149 499.117450 
 getCross 1.732051 0.000000 -95.208339 0.000000 
 getCross333 54.968560 0.000000 
  getCross111 54.968560 0.000000
 polygonLine 0.000000 0.000000 425.682190 0.011948 
 line 41.226422 -23.802082 340.247403 494.117450 
 getCross 1.732051 3.000000 -95.208339 425.682190 
 getCross333 -410.813408 -806.758034 
  getCross444 -410.813408 -806.758034
 polygonLine 425.682190 0.011948 425.657222 444.791654 
 line 41.226422 -23.802082 340.247403 494.117450 
 getCross 1.732051 0.000000 -95.208339 444.791654 
 getCross333 311.769141 444.791654 
  getCross111 311.769141 444.791654
 polygonLine 425.657222 444.791654 0.000000 444.779707 
 line 41.226422 -23.802082 340.247403 494.117450 
 getCross 1.732051 3.000000 -95.208339 0.000000 
 getCross333 -75.088450 -225.265349 
  getCross444 -75.088450 -225.265349
 polygonLine 0.000000 444.779707 0.000000 0.000000 
 line 41.226422 -23.802082 340.247403 494.117450 
 getCross 1.732051 0.000000 -115.208339 0.000000 
 getCross333 66.515566 0.000000 
  getCross111 66.515566 0.000000
 polygonLine 0.000000 0.000000 425.682190 0.011948 
 line 49.886676 -28.802082 348.907657 489.117450 
 getCross 1.732051 3.000000 -115.208339 425.682190 
 getCross333 -426.586911 -854.078542 
  getCross444 -426.586911 -854.078542
 polygonLine 425.682190 0.011948 425.657222 444.791654 
 line 49.886676 -28.802082 348.907657 489.117450 
 getCross 1.732051 0.000000 -115.208339 444.791654 
 getCross333 323.316147 444.791654 
  getCross111 323.316147 444.791654
 polygonLine 425.657222 444.791654 0.000000 444.779707 
 line 49.886676 -28.802082 348.907657 489.117450 
 getCross 1.732051 3.000000 -115.208339 0.000000 
 getCross333 -90.861952 -272.585857 
  getCross444 -90.861952 -272.585857
 polygonLine 0.000000 444.779707 0.000000 0.000000 
 line 49.886676 -28.802082 348.907657 489.117450 
 getCross 1.732051 0.000000 -135.208339 0.000000 
 getCross333 78.062571 0.000000 
  getCross111 78.062571 0.000000
 polygonLine 0.000000 0.000000 425.682190 0.011948 
 line 58.546930 -33.802082 357.567911 484.117450 
 getCross 1.732051 3.000000 -135.208339 425.682190 
 getCross333 -442.360413 -901.399051 
  getCross444 -442.360413 -901.399051
 polygonLine 425.682190 0.011948 425.657222 444.791654 
 line 58.546930 -33.802082 357.567911 484.117450 
 getCross 1.732051 0.000000 -135.208339 444.791654 
 getCross333 334.863152 444.791654 
  getCross111 334.863152 444.791654
 polygonLine 425.657222 444.791654 0.000000 444.779707 
 line 58.546930 -33.802082 357.567911 484.117450 
 getCross 1.732051 3.000000 -135.208339 0.000000 
 getCross333 -106.635455 -319.906365 
  getCross444 -106.635455 -319.906365
 polygonLine 0.000000 444.779707 0.000000 0.000000 
 line 58.546930 -33.802082 357.567911 484.117450 
 getCross 1.732051 0.000000 -155.208339 0.000000 
 getCross333 89.609576 0.000000 
  getCross111 89.609576 0.000000
 polygonLine 0.000000 0.000000 425.682190 0.011948 
 line 67.207184 -38.802082 366.228165 479.117450 
 getCross 1.732051 3.000000 -155.208339 425.682190 
 getCross333 -458.133916 -948.719559 
  getCross444 -458.133916 -948.719559
 polygonLine 425.682190 0.011948 425.657222 444.791654 
 line 67.207184 -38.802082 366.228165 479.117450 
 getCross 1.732051 0.000000 -155.208339 444.791654 
 getCross333 346.410158 444.791654 
  getCross111 346.410158 444.791654
 polygonLine 425.657222 444.791654 0.000000 444.779707 
 line 67.207184 -38.802082 366.228165 479.117450 
 getCross 1.732051 3.000000 -155.208339 0.000000 
 getCross333 -122.408958 -367.226873 
  getCross444 -122.408958 -367.226873
 polygonLine 0.000000 444.779707 0.000000 0.000000 
 line 67.207184 -38.802082 366.228165 479.117450 
 getCross 1.732051 0.000000 -175.208339 0.000000 
 getCross333 101.156582 0.000000 
  getCross111 101.156582 0.000000
 polygonLine 0.000000 0.000000 425.682190 0.011948 
 line 75.867438 -43.802082 374.888419 474.117450 
 getCross 1.732051 3.000000 -175.208339 425.682190 
 getCross333 -473.907419 -996.040067 
  getCross444 -473.907419 -996.040067
 polygonLine 425.682190 0.011948 425.657222 444.791654 
 line 75.867438 -43.802082 374.888419 474.117450 
 getCross 1.732051 0.000000 -175.208339 444.791654 
 getCross333 357.957163 444.791654 
  getCross111 357.957163 444.791654
 polygonLine 425.657222 444.791654 0.000000 444.779707 
 line 75.867438 -43.802082 374.888419 474.117450 
 getCross 1.732051 3.000000 -175.208339 0.000000 
 getCross333 -138.182460 -414.547381 
  getCross444 -138.182460 -414.547381
 polygonLine 0.000000 444.779707 0.000000 0.000000 
 line 75.867438 -43.802082 374.888419 474.117450 
 getCross 1.732051 0.000000 -195.208339 0.000000 
 getCross333 112.703587 0.000000 
  getCross111 112.703587 0.000000
 polygonLine 0.000000 0.000000 425.682190 0.011948 
 line 84.527692 -48.802082 383.548673 469.117450 
 getCross 1.732051 3.000000 -195.208339 425.682190 
 getCross333 -489.680922 -1043.360575 
  getCross444 -489.680922 -1043.360575
 polygonLine 425.682190 0.011948 425.657222 444.791654 
 line 84.527692 -48.802082 383.548673 469.117450 
 getCross 1.732051 0.000000 -195.208339 444.791654 
 getCross333 369.504168 444.791654 
  getCross111 369.504168 444.791654
 polygonLine 425.657222 444.791654 0.000000 444.779707 
 line 84.527692 -48.802082 383.548673 469.117450 
 getCross 1.732051 3.000000 -195.208339 0.000000 
 getCross333 -153.955963 -461.867889 
  getCross444 -153.955963 -461.867889
 polygonLine 0.000000 444.779707 0.000000 0.000000 
 line 84.527692 -48.802082 383.548673 469.117450 
 getCross 1.732051 0.000000 -215.208339 0.000000 
 getCross333 124.250593 0.000000 
  getCross111 124.250593 0.000000
 polygonLine 0.000000 0.000000 425.682190 0.011948 
 line 93.187946 -53.802082 392.208927 464.117450 
 getCross 1.732051 3.000000 -215.208339 425.682190 
 getCross333 -505.454424 -1090.681083 
  getCross444 -505.454424 -1090.681083
 polygonLine 425.682190 0.011948 425.657222 444.791654 
 line 93.187946 -53.802082 392.208927 464.117450 
 getCross 1.732051 0.000000 -215.208339 444.791654 
 getCross333 381.051174 444.791654 
  getCross111 381.051174 444.791654
 polygonLine 425.657222 444.791654 0.000000 444.779707 
 line 93.187946 -53.802082 392.208927 464.117450 
 getCross 1.732051 3.000000 -215.208339 0.000000 
 getCross333 -169.729466 -509.188397 
  getCross444 -169.729466 -509.188397
 polygonLine 0.000000 444.779707 0.000000 0.000000 
 line 93.187946 -53.802082 392.208927 464.117450 
 getCross 1.732051 0.000000 -235.208339 0.000000 
 getCross333 135.797598 -0.000000 
  getCross111 135.797598 -0.000000
 polygonLine 0.000000 0.000000 425.682190 0.011948 
 line 101.848200 -58.802082 400.869181 459.117450 
 getCross 1.732051 3.000000 -235.208339 425.682190 
 getCross333 -521.227927 -1138.001591 
  getCross444 -521.227927 -1138.001591
 polygonLine 425.682190 0.011948 425.657222 444.791654 
 line 101.848200 -58.802082 400.869181 459.117450 
 getCross 1.732051 0.000000 -235.208339 444.791654 
 getCross333 392.598179 444.791654 
  getCross111 392.598179 444.791654
 polygonLine 425.657222 444.791654 0.000000 444.779707 
 line 101.848200 -58.802082 400.869181 459.117450 
 getCross 1.732051 3.000000 -235.208339 0.000000 
 getCross333 -185.502969 -556.508906 
  getCross444 -185.502969 -556.508906
 polygonLine 0.000000 444.779707 0.000000 0.000000 
 line 101.848200 -58.802082 400.869181 459.117450 
 getCross 1.732051 0.000000 -255.208339 0.000000 
 getCross333 147.344603 0.000000 
  getCross111 147.344603 0.000000
 polygonLine 0.000000 0.000000 425.682190 0.011948 
 line 110.508454 -63.802082 409.529435 454.117450 
 getCross 1.732051 3.000000 -255.208339 425.682190 
 getCross333 -537.001430 -1185.322099 
  getCross444 -537.001430 -1185.322099
 polygonLine 425.682190 0.011948 425.657222 444.791654 
 line 110.508454 -63.802082 409.529435 454.117450 
 getCross 1.732051 0.000000 -255.208339 444.791654 
 getCross333 404.145184 444.791654 
  getCross111 404.145184 444.791654
 polygonLine 425.657222 444.791654 0.000000 444.779707 
 line 110.508454 -63.802082 409.529435 454.117450 
 getCross 1.732051 3.000000 -255.208339 0.000000 
 getCross333 -201.276471 -603.829414 
  getCross444 -201.276471 -603.829414
 polygonLine 0.000000 444.779707 0.000000 0.000000 
 line 110.508454 -63.802082 409.529435 454.117450 
 getCross 1.732051 0.000000 -275.208339 0.000000 
 getCross333 158.891609 0.000000 
  getCross111 158.891609 0.000000
 polygonLine 0.000000 0.000000 425.682190 0.011948 
 line 119.168708 -68.802082 418.189689 449.117450 
 getCross 1.732051 3.000000 -275.208339 425.682190 
 getCross333 -552.774932 -1232.642607 
  getCross444 -552.774932 -1232.642607
 polygonLine 425.682190 0.011948 425.657222 444.791654 
 line 119.168708 -68.802082 418.189689 449.117450 
 getCross 1.732051 0.000000 -275.208339 444.791654 
 getCross333 415.692190 444.791654 
  getCross111 415.692190 444.791654
 polygonLine 425.657222 444.791654 0.000000 444.779707 
 line 119.168708 -68.802082 418.189689 449.117450 
 getCross 1.732051 3.000000 -275.208339 0.000000 
 getCross333 -217.049974 -651.149922 
  getCross444 -217.049974 -651.149922
 polygonLine 0.000000 444.779707 0.000000 0.000000 
 line 119.168708 -68.802082 418.189689 449.117450 
 getCross 1.732051 0.000000 -295.208339 0.000000 
 getCross333 170.438614 0.000000 
  getCross111 170.438614 0.000000
 polygonLine 0.000000 0.000000 425.682190 0.011948 
 line 127.828962 -73.802082 426.849943 444.117450 
 getCross 1.732051 3.000000 -295.208339 425.682190 
 getCross333 -568.548435 -1279.963115 
  getCross444 -568.548435 -1279.963115
 polygonLine 425.682190 0.011948 425.657222 444.791654 
 line 127.828962 -73.802082 426.849943 444.117450 
 getCross 1.732051 0.000000 -295.208339 444.791654 
 getCross333 427.239195 444.791654 
  polygonLine 425.657222 444.791654 0.000000 444.779707 
 line 127.828962 -73.802082 426.849943 444.117450 
 intersectPoint 427.239195 444.791654 
  getCross 1.732051 3.000000 -295.208339 0.000000 
 getCross333 -232.823477 -698.470430 
  getCross444 -232.823477 -698.470430
 polygonLine 0.000000 444.779707 0.000000 0.000000 
 line 127.828962 -73.802082 426.849943 444.117450 
 getCross 1.732051 0.000000 -315.208339 0.000000 
 getCross333 181.985619 0.000000 
  getCross111 181.985619 0.000000
 polygonLine 0.000000 0.000000 425.682190 0.011948 
 line 136.489216 -78.802082 435.510197 439.117450 
 getCross 1.732051 3.000000 -315.208339 425.682190 
 getCross333 -584.321938 -1327.283623 
  getCross444 -584.321938 -1327.283623
 polygonLine 425.682190 0.011948 425.657222 444.791654 
 line 136.489216 -78.802082 435.510197 439.117450 
 getCross 1.732051 0.000000 -315.208339 444.791654 
 getCross333 438.786201 444.791654 
  polygonLine 425.657222 444.791654 0.000000 444.779707 
 line 136.489216 -78.802082 435.510197 439.117450 
 intersectPoint 438.786201 444.791654 
  getCross 1.732051 3.000000 -315.208339 0.000000 
 getCross333 -248.596979 -745.790938 
  getCross444 -248.596979 -745.790938
 polygonLine 0.000000 444.779707 0.000000 0.000000 
 line 136.489216 -78.802082 435.510197 439.117450 
 getCross 1.732051 0.000000 -335.208339 0.000000 
 getCross333 193.532625 0.000000 
  getCross111 193.532625 0.000000
 polygonLine 0.000000 0.000000 425.682190 0.011948 
 line 145.149471 -83.802082 444.170451 434.117450 
 getCross 1.732051 3.000000 -335.208339 425.682190 
 getCross333 -600.095440 -1374.604131 
  getCross444 -600.095440 -1374.604131
 polygonLine 425.682190 0.011948 425.657222 444.791654 
 line 145.149471 -83.802082 444.170451 434.117450 
 getCross 1.732051 0.000000 -335.208339 444.791654 
 getCross333 450.333206 444.791654 
  polygonLine 425.657222 444.791654 0.000000 444.779707 
 line 145.149471 -83.802082 444.170451 434.117450 
 intersectPoint 450.333206 444.791654 
  getCross 1.732051 3.000000 -335.208339 0.000000 
 getCross333 -264.370482 -793.111446 
  getCross444 -264.370482 -793.111446
 polygonLine 0.000000 444.779707 0.000000 0.000000 
 line 145.149471 -83.802082 444.170451 434.117450 
 getCross 1.732051 0.000000 -355.208339 0.000000 
 getCross333 205.079630 0.000000 
  getCross111 205.079630 0.000000
 polygonLine 0.000000 0.000000 425.682190 0.011948 
 line 153.809725 -88.802082 452.830705 429.117450 
 getCross 1.732051 3.000000 -355.208339 425.682190 
 getCross333 -615.868943 -1421.924639 
  getCross444 -615.868943 -1421.924639
 polygonLine 425.682190 0.011948 425.657222 444.791654 
 line 153.809725 -88.802082 452.830705 429.117450 
 getCross 1.732051 0.000000 -355.208339 444.791654 
 getCross333 461.880211 444.791654 
  polygonLine 425.657222 444.791654 0.000000 444.779707 
 line 153.809725 -88.802082 452.830705 429.117450 
 intersectPoint 461.880211 444.791654 
  getCross 1.732051 3.000000 -355.208339 0.000000 
 getCross333 -280.143985 -840.431954 
  getCross444 -280.143985 -840.431954
 polygonLine 0.000000 444.779707 0.000000 0.000000 
 line 153.809725 -88.802082 452.830705 429.117450 
 getCross 1.732051 0.000000 -375.208339 0.000000 
 getCross333 216.626636 0.000000 
  getCross111 216.626636 0.000000
 polygonLine 0.000000 0.000000 425.682190 0.011948 
 line 162.469979 -93.802082 461.490959 424.117450 
 getCross 1.732051 3.000000 -375.208339 425.682190 
 getCross333 -631.642446 -1469.245147 
  getCross444 -631.642446 -1469.245147
 polygonLine 425.682190 0.011948 425.657222 444.791654 
 line 162.469979 -93.802082 461.490959 424.117450 
 getCross 1.732051 0.000000 -375.208339 444.791654 
 getCross333 473.427217 444.791654 
  polygonLine 425.657222 444.791654 0.000000 444.779707 
 line 162.469979 -93.802082 461.490959 424.117450 
 intersectPoint 473.427217 444.791654 
  getCross 1.732051 3.000000 -375.208339 0.000000 
 getCross333 -295.917487 -887.752462 
  getCross444 -295.917487 -887.752462
 polygonLine 0.000000 444.779707 0.000000 0.000000 
 line 162.469979 -93.802082 461.490959 424.117450 
 getCross 1.732051 0.000000 -395.208339 0.000000 
 getCross333 228.173641 0.000000 
  getCross111 228.173641 0.000000
 polygonLine 0.000000 0.000000 425.682190 0.011948 
 line 171.130233 -98.802082 470.151213 419.117450 
 getCross 1.732051 3.000000 -395.208339 425.682190 
 getCross333 -647.415948 -1516.565656 
  getCross444 -647.415948 -1516.565656
 polygonLine 425.682190 0.011948 425.657222 444.791654 
 line 171.130233 -98.802082 470.151213 419.117450 
 getCross 1.732051 0.000000 -395.208339 444.791654 
 getCross333 484.974222 444.791654 
  polygonLine 425.657222 444.791654 0.000000 444.779707 
 line 171.130233 -98.802082 470.151213 419.117450 
 intersectPoint 484.974222 444.791654 
  getCross 1.732051 3.000000 -395.208339 0.000000 
 getCross333 -311.690990 -935.072970 
  getCross444 -311.690990 -935.072970
 polygonLine 0.000000 444.779707 0.000000 0.000000 
 line 171.130233 -98.802082 470.151213 419.117450 
 getCross 1.732051 0.000000 -415.208339 0.000000 
 getCross333 239.720646 0.000000 
  getCross111 239.720646 0.000000
 polygonLine 0.000000 0.000000 425.682190 0.011948 
 line 179.790487 -103.802082 478.811467 414.117450 
 getCross 1.732051 3.000000 -415.208339 425.682190 
 getCross333 -663.189451 -1563.886164 
  getCross444 -663.189451 -1563.886164
 polygonLine 425.682190 0.011948 425.657222 444.791654 
 line 179.790487 -103.802082 478.811467 414.117450 
 getCross 1.732051 0.000000 -415.208339 444.791654 
 getCross333 496.521228 444.791654 
  polygonLine 425.657222 444.791654 0.000000 444.779707 
 line 179.790487 -103.802082 478.811467 414.117450 
 intersectPoint 496.521228 444.791654 
  getCross 1.732051 3.000000 -415.208339 0.000000 
 getCross333 -327.464493 -982.393478 
  getCross444 -327.464493 -982.393478
 polygonLine 0.000000 444.779707 0.000000 0.000000 
 line 179.790487 -103.802082 478.811467 414.117450 
 getCross 1.732051 0.000000 -435.208339 0.000000 
 getCross333 251.267652 0.000000 
  getCross111 251.267652 0.000000
 polygonLine 0.000000 0.000000 425.682190 0.011948 
 line 188.450741 -108.802082 487.471722 409.117450 
 getCross 1.732051 3.000000 -435.208339 425.682190 
 getCross333 -678.962954 -1611.206672 
  getCross444 -678.962954 -1611.206672
 polygonLine 425.682190 0.011948 425.657222 444.791654 
 line 188.450741 -108.802082 487.471722 409.117450 
 getCross 1.732051 0.000000 -435.208339 444.791654 
 getCross333 508.068233 444.791654 
  polygonLine 425.657222 444.791654 0.000000 444.779707 
 line 188.450741 -108.802082 487.471722 409.117450 
 intersectPoint 508.068233 444.791654 
  getCross 1.732051 3.000000 -435.208339 0.000000 
 getCross333 -343.237995 -1029.713986 
  getCross444 -343.237995 -1029.713986
 polygonLine 0.000000 444.779707 0.000000 0.000000 
 line 188.450741 -108.802082 487.471722 409.117450 
 getCross 1.732051 0.000000 -455.208339 0.000000 
 getCross333 262.814657 0.000000 
  getCross111 262.814657 0.000000
 polygonLine 0.000000 0.000000 425.682190 0.011948 
 line 197.110995 -113.802082 496.131976 404.117450 
 getCross 1.732051 3.000000 -455.208339 425.682190 
 getCross333 -694.736457 -1658.527180 
  getCross444 -694.736457 -1658.527180
 polygonLine 425.682190 0.011948 425.657222 444.791654 
 line 197.110995 -113.802082 496.131976 404.117450 
 getCross 1.732051 0.000000 -455.208339 444.791654 
 getCross333 519.615238 444.791654 
  polygonLine 425.657222 444.791654 0.000000 444.779707 
 line 197.110995 -113.802082 496.131976 404.117450 
 intersectPoint 519.615238 444.791654 
  getCross 1.732051 3.000000 -455.208339 0.000000 
 getCross333 -359.011498 -1077.034494 
  getCross444 -359.011498 -1077.034494
 polygonLine 0.000000 444.779707 0.000000 0.000000 
 line 197.110995 -113.802082 496.131976 404.117450 
 getCross 1.732051 0.000000 -475.208339 0.000000 
 getCross333 274.361663 0.000000 
  getCross111 274.361663 0.000000
 polygonLine 0.000000 0.000000 425.682190 0.011948 
 line 205.771249 -118.802082 504.792230 399.117450 
 getCross 1.732051 3.000000 -475.208339 425.682190 
 getCross333 -710.509959 -1705.847688 
  getCross444 -710.509959 -1705.847688
 polygonLine 425.682190 0.011948 425.657222 444.791654 
 line 205.771249 -118.802082 504.792230 399.117450 
 getCross 1.732051 0.000000 -475.208339 444.791654 
 getCross333 531.162244 444.791654 
  polygonLine 425.657222 444.791654 0.000000 444.779707 
 line 205.771249 -118.802082 504.792230 399.117450 
 intersectPoint 531.162244 444.791654 
  getCross 1.732051 3.000000 -475.208339 0.000000 
 getCross333 -374.785001 -1124.355002 
  getCross444 -374.785001 -1124.355002
 polygonLine 0.000000 444.779707 0.000000 0.000000 
 line 205.771249 -118.802082 504.792230 399.117450 
 getCross 1.732051 0.000000 -495.208339 0.000000 
 getCross333 285.908668 -0.000000 
  getCross111 285.908668 -0.000000
 polygonLine 0.000000 0.000000 425.682190 0.011948 
 line 214.431503 -123.802082 513.452484 394.117450 
 getCross 1.732051 3.000000 -495.208339 425.682190 
 getCross333 -726.283462 -1753.168196 
  getCross444 -726.283462 -1753.168196
 polygonLine 425.682190 0.011948 425.657222 444.791654 
 line 214.431503 -123.802082 513.452484 394.117450 
 getCross 1.732051 0.000000 -495.208339 444.791654 
 getCross333 542.709249 444.791654 
  polygonLine 425.657222 444.791654 0.000000 444.779707 
 line 214.431503 -123.802082 513.452484 394.117450 
 intersectPoint 542.709249 444.791654 
  getCross 1.732051 3.000000 -495.208339 0.000000 
 getCross333 -390.558504 -1171.675511 
  getCross444 -390.558504 -1171.675511
 polygonLine 0.000000 444.779707 0.000000 0.000000 
 line 214.431503 -123.802082 513.452484 394.117450 
 getCross 1.732051 0.000000 -515.208339 0.000000 
 getCross333 297.455673 0.000000 
  getCross111 297.455673 0.000000
 polygonLine 0.000000 0.000000 425.682190 0.011948 
 line 223.091757 -128.802082 522.112738 389.117450 
 getCross 1.732051 3.000000 -515.208339 425.682190 
 getCross333 -742.056965 -1800.488704 
  getCross444 -742.056965 -1800.488704
 polygonLine 425.682190 0.011948 425.657222 444.791654 
 line 223.091757 -128.802082 522.112738 389.117450 
 getCross 1.732051 0.000000 -515.208339 444.791654 
 getCross333 554.256254 444.791654 
  polygonLine 425.657222 444.791654 0.000000 444.779707 
 line 223.091757 -128.802082 522.112738 389.117450 
 intersectPoint 554.256254 444.791654 
  getCross 1.732051 3.000000 -515.208339 0.000000 
 getCross333 -406.332006 -1218.996019 
  getCross444 -406.332006 -1218.996019
 polygonLine 0.000000 444.779707 0.000000 0.000000 
 line 223.091757 -128.802082 522.112738 389.117450 
 getCross 1.732051 0.000000 -535.208339 0.000000 
 getCross333 309.002679 0.000000 
  getCross111 309.002679 0.000000
 polygonLine 0.000000 0.000000 425.682190 0.011948 
 line 231.752011 -133.802082 530.772992 384.117450 
 getCross 1.732051 3.000000 -535.208339 425.682190 
 getCross333 -757.830467 -1847.809212 
  getCross444 -757.830467 -1847.809212
 polygonLine 425.682190 0.011948 425.657222 444.791654 
 line 231.752011 -133.802082 530.772992 384.117450 
 getCross 1.732051 0.000000 -535.208339 444.791654 
 getCross333 565.803260 444.791654 
  polygonLine 425.657222 444.791654 0.000000 444.779707 
 line 231.752011 -133.802082 530.772992 384.117450 
 intersectPoint 565.803260 444.791654 
  getCross 1.732051 3.000000 -535.208339 0.000000 
 getCross333 -422.105509 -1266.316527 
  getCross444 -422.105509 -1266.316527
 polygonLine 0.000000 444.779707 0.000000 0.000000 
 line 231.752011 -133.802082 530.772992 384.117450 
 getCross 1.732051 0.000000 -555.208339 0.000000 
 getCross333 320.549684 0.000000 
  getCross111 320.549684 0.000000
 polygonLine 0.000000 0.000000 425.682190 0.011948 
 line 240.412265 -138.802082 539.433246 379.117450 
 getCross 1.732051 3.000000 -555.208339 425.682190 
 getCross333 -773.603970 -1895.129720 
  getCross444 -773.603970 -1895.129720
 polygonLine 425.682190 0.011948 425.657222 444.791654 
 line 240.412265 -138.802082 539.433246 379.117450 
 getCross 1.732051 0.000000 -555.208339 444.791654 
 getCross333 577.350265 444.791654 
  polygonLine 425.657222 444.791654 0.000000 444.779707 
 line 240.412265 -138.802082 539.433246 379.117450 
 intersectPoint 577.350265 444.791654 
  getCross 1.732051 3.000000 -555.208339 0.000000 
 getCross333 -437.879012 -1313.637035 
  getCross444 -437.879012 -1313.637035
 polygonLine 0.000000 444.779707 0.000000 0.000000 
 line 240.412265 -138.802082 539.433246 379.117450 
 getCross 1.732051 0.000000 -575.208339 0.000000 
 getCross333 332.096689 0.000000 
  getCross111 332.096689 0.000000
 polygonLine 0.000000 0.000000 425.682190 0.011948 
 line 249.072519 -143.802082 548.093500 374.117450 
 getCross 1.732051 3.000000 -575.208339 425.682190 
 getCross333 -789.377473 -1942.450228 
  getCross444 -789.377473 -1942.450228
 polygonLine 425.682190 0.011948 425.657222 444.791654 
 line 249.072519 -143.802082 548.093500 374.117450 
 getCross 1.732051 0.000000 -575.208339 444.791654 
 getCross333 588.897271 444.791654 
  polygonLine 425.657222 444.791654 0.000000 444.779707 
 line 249.072519 -143.802082 548.093500 374.117450 
 intersectPoint 588.897271 444.791654 
  getCross 1.732051 3.000000 -575.208339 0.000000 
 getCross333 -453.652514 -1360.957543 
  getCross444 -453.652514 -1360.957543
 polygonLine 0.000000 444.779707 0.000000 0.000000 
 line 249.072519 -143.802082 548.093500 374.117450 
 getCross 1.732051 0.000000 -595.208339 0.000000 
 getCross333 343.643695 0.000000 
  getCross111 343.643695 0.000000
 polygonLine 0.000000 0.000000 425.682190 0.011948 
 line 257.732773 -148.802082 556.753754 369.117450 
 getCross 1.732051 3.000000 -595.208339 425.682190 
 getCross333 -805.150975 -1989.770736 
  getCross444 -805.150975 -1989.770736
 polygonLine 425.682190 0.011948 425.657222 444.791654 
 line 257.732773 -148.802082 556.753754 369.117450 
 getCross 1.732051 0.000000 -595.208339 444.791654 
 getCross333 600.444276 444.791654 
  polygonLine 425.657222 444.791654 0.000000 444.779707 
 line 257.732773 -148.802082 556.753754 369.117450 
 intersectPoint 600.444276 444.791654 
  getCross 1.732051 3.000000 -595.208339 0.000000 
 getCross333 -469.426017 -1408.278051 
  getCross444 -469.426017 -1408.278051
 polygonLine 0.000000 444.779707 0.000000 0.000000 
 line 257.732773 -148.802082 556.753754 369.117450 
 getCross 1.732051 0.000000 -615.208339 0.000000 
 getCross333 355.190700 0.000000 
  getCross111 355.190700 0.000000
 polygonLine 0.000000 0.000000 425.682190 0.011948 
 line 266.393027 -153.802082 565.414008 364.117450 
 getCross 1.732051 3.000000 -615.208339 425.682190 
 getCross333 -820.924478 -2037.091244 
  getCross444 -820.924478 -2037.091244
 polygonLine 425.682190 0.011948 425.657222 444.791654 
 line 266.393027 -153.802082 565.414008 364.117450 
 getCross 1.732051 0.000000 -615.208339 444.791654 
 getCross333 611.991281 444.791654 
  polygonLine 425.657222 444.791654 0.000000 444.779707 
 line 266.393027 -153.802082 565.414008 364.117450 
 intersectPoint 611.991281 444.791654 
  getCross 1.732051 3.000000 -615.208339 0.000000 
 getCross333 -485.199520 -1455.598559 
  getCross444 -485.199520 -1455.598559
 polygonLine 0.000000 444.779707 0.000000 0.000000 
 line 266.393027 -153.802082 565.414008 364.117450 
 getCross 1.732051 0.000000 -635.208339 0.000000 
 getCross333 366.737706 0.000000 
  getCross111 366.737706 0.000000
 polygonLine 0.000000 0.000000 425.682190 0.011948 
 line 275.053281 -158.802082 574.074262 359.117450 
 getCross 1.732051 3.000000 -635.208339 425.682190 
 getCross333 -836.697981 -2084.411752 
  getCross444 -836.697981 -2084.411752
 polygonLine 425.682190 0.011948 425.657222 444.791654 
 line 275.053281 -158.802082 574.074262 359.117450 
 getCross 1.732051 0.000000 -635.208339 444.791654 
 getCross333 623.538287 444.791654 
  polygonLine 425.657222 444.791654 0.000000 444.779707 
 line 275.053281 -158.802082 574.074262 359.117450 
 intersectPoint 623.538287 444.791654 
  getCross 1.732051 3.000000 -635.208339 0.000000 
 getCross333 -500.973022 -1502.919067 
  getCross444 -500.973022 -1502.919067
 polygonLine 0.000000 444.779707 0.000000 0.000000 
 line 275.053281 -158.802082 574.074262 359.117450 
 getCross 1.732051 0.000000 -655.208339 0.000000 
 getCross333 378.284711 0.000000 
  getCross111 378.284711 0.000000
 polygonLine 0.000000 0.000000 425.682190 0.011948 
 line 283.713535 -163.802082 582.734516 354.117450 
 getCross 1.732051 3.000000 -655.208339 425.682190 
 getCross333 -852.471483 -2131.732260 
  getCross444 -852.471483 -2131.732260
 polygonLine 425.682190 0.011948 425.657222 444.791654 
 line 283.713535 -163.802082 582.734516 354.117450 
 getCross 1.732051 0.000000 -655.208339 444.791654 
 getCross333 635.085292 444.791654 
  polygonLine 425.657222 444.791654 0.000000 444.779707 
 line 283.713535 -163.802082 582.734516 354.117450 
 intersectPoint 635.085292 444.791654 
  getCross 1.732051 3.000000 -655.208339 0.000000 
 getCross333 -516.746525 -1550.239575 
  getCross444 -516.746525 -1550.239575
 polygonLine 0.000000 444.779707 0.000000 0.000000 
 line 283.713535 -163.802082 582.734516 354.117450 
 getCross 1.732051 0.000000 -675.208339 0.000000 
 getCross333 389.831716 0.000000 
  getCross111 389.831716 0.000000
 polygonLine 0.000000 0.000000 425.682190 0.011948 
 line 292.373789 -168.802082 591.394770 349.117450 
 getCross 1.732051 3.000000 -675.208339 425.682190 
 getCross333 -868.244986 -2179.052769 
  getCross444 -868.244986 -2179.052769
 polygonLine 425.682190 0.011948 425.657222 444.791654 
 line 292.373789 -168.802082 591.394770 349.117450 
 getCross 1.732051 0.000000 -675.208339 444.791654 
 getCross333 646.632298 444.791654 
  polygonLine 425.657222 444.791654 0.000000 444.779707 
 line 292.373789 -168.802082 591.394770 349.117450 
 intersectPoint 646.632298 444.791654 
  getCross 1.732051 3.000000 -675.208339 0.000000 
 getCross333 -532.520028 -1597.560083 
  getCross444 -532.520028 -1597.560083
 polygonLine 0.000000 444.779707 0.000000 0.000000 
 line 292.373789 -168.802082 591.394770 349.117450 
 getCross 1.732051 0.000000 -695.208339 0.000000 
 getCross333 401.378722 0.000000 
  getCross111 401.378722 0.000000
 polygonLine 0.000000 0.000000 425.682190 0.011948 
 line 301.034043 -173.802082 600.055024 344.117450 
 getCross 1.732051 3.000000 -695.208339 425.682190 
 getCross333 -884.018489 -2226.373277 
  getCross444 -884.018489 -2226.373277
 polygonLine 425.682190 0.011948 425.657222 444.791654 
 line 301.034043 -173.802082 600.055024 344.117450 
 getCross 1.732051 0.000000 -695.208339 444.791654 
 getCross333 658.179303 444.791654 
  polygonLine 425.657222 444.791654 0.000000 444.779707 
 line 301.034043 -173.802082 600.055024 344.117450 
 intersectPoint 658.179303 444.791654 
  getCross 1.732051 3.000000 -695.208339 0.000000 
 getCross333 -548.293530 -1644.880591 
  getCross444 -548.293530 -1644.880591
 polygonLine 0.000000 444.779707 0.000000 0.000000 
 line 301.034043 -173.802082 600.055024 344.117450 
 getCross 1.732051 0.000000 -715.208339 0.000000 
 getCross333 412.925727 0.000000 
  getCross111 412.925727 0.000000
 polygonLine 0.000000 0.000000 425.682190 0.011948 
 line 309.694297 -178.802082 608.715278 339.117450 
 getCross 1.732051 3.000000 -715.208339 425.682190 
 getCross333 -899.791992 -2273.693785 
  getCross444 -899.791992 -2273.693785
 polygonLine 425.682190 0.011948 425.657222 444.791654 
 line 309.694297 -178.802082 608.715278 339.117450 
 getCross 1.732051 0.000000 -715.208339 444.791654 
 getCross333 669.726308 444.791654 
  polygonLine 425.657222 444.791654 0.000000 444.779707 
 line 309.694297 -178.802082 608.715278 339.117450 
 intersectPoint 669.726308 444.791654 
  getCross 1.732051 3.000000 -715.208339 0.000000 
 getCross333 -564.067033 -1692.201099 
  getCross444 -564.067033 -1692.201099
 polygonLine 0.000000 444.779707 0.000000 0.000000 
 line 309.694297 -178.802082 608.715278 339.117450 
 getCross 1.732051 0.000000 -735.208339 0.000000 
 getCross333 424.472733 0.000000 
  getCross111 424.472733 0.000000
 polygonLine 0.000000 0.000000 425.682190 0.011948 
 line 318.354551 -183.802082 617.375532 334.117450 
 getCross 1.732051 3.000000 -735.208339 425.682190 
 getCross333 -915.565494 -2321.014293 
  getCross444 -915.565494 -2321.014293
 polygonLine 425.682190 0.011948 425.657222 444.791654 
 line 318.354551 -183.802082 617.375532 334.117450 
 getCross 1.732051 0.000000 -735.208339 444.791654 
 getCross333 681.273314 444.791654 
  polygonLine 425.657222 444.791654 0.000000 444.779707 
 line 318.354551 -183.802082 617.375532 334.117450 
 intersectPoint 681.273314 444.791654 
  getCross 1.732051 3.000000 -735.208339 0.000000 
 getCross333 -579.840536 -1739.521607 
  getCross444 -579.840536 -1739.521607
 polygonLine 0.000000 444.779707 0.000000 0.000000 
 line 318.354551 -183.802082 617.375532 334.117450 
 intersectLinesWithPolygon  1
 getCross 1.732051 0.000000 -146.255763 0.000000 
 getCross333 84.440804 0.000000 
  getCross111 84.440804 0.000000
 polygonLine 0.000000 0.000000 425.682190 0.011948 
 line 63.330605 -36.563939 362.351585 481.355593 
 getCross 1.732051 3.000000 -146.255763 425.682190 
 getCross333 -451.073242 -927.537537 
  getCross444 -451.073242 -927.537537
 polygonLine 425.682190 0.011948 425.657222 444.791654 
 line 63.330605 -36.563939 362.351585 481.355593 
 getCross 1.732051 0.000000 -146.255763 444.791654 
 getCross333 341.241386 444.791654 
  getCross111 341.241386 444.791654
 polygonLine 425.657222 444.791654 0.000000 444.779707 
 line 63.330605 -36.563939 362.351585 481.355593 
 getCross 1.732051 3.000000 -146.255763 0.000000 
 getCross333 -115.348284 -346.044852 
  getCross444 -115.348284 -346.044852
 polygonLine 0.000000 444.779707 0.000000 0.000000 
 line 63.330605 -36.563939 362.351585 481.355593 
 Calc camera shots 0
 Turn into a path 
